L1 = 142.5;
L2 = 232.5;
Ra = 280.51;
Rb = 93.53;
R = (Ra - Rb)*tand(30)/2;
